supersession (664000, 20)
PCA components retained (95% var): 14

=== occupancy (fraction of supersession frames) ===
0    35.65
1    27.28
2     7.79
3     7.86
4    11.55
5     3.51
6     5.70
7     0.66

=== mean z-scored wavelet power per state (rows = remapped state) ===
       l_paw_x0.5  l_paw_x1.0  l_paw_x2.0  l_paw_x4.0  l_paw_x8.0  l_paw_y0.5  l_paw_y1.0  l_paw_y2.0  l_paw_y4.0  l_paw_y8.0  r_paw_x0.5  r_paw_x1.0  r_paw_x2.0  r_paw_x4.0  r_paw_x8.0  r_paw_y0.5  r_paw_y1.0  r_paw_y2.0  r_paw_y4.0  r_paw_y8.0
state                                                                                                                                                                                                                                                
0           -0.69       -0.72       -0.66       -0.56       -0.44       -0.69       -0.72       -0.66       -0.57       -0.46       -0.68       -0.71       -0.65       -0.54       -0.42       -0.66       -0.70       -0.64       -0.55       -0.44
1            0.23        0.01       -0.25       -0.39       -0.38        0.24        0.03       -0.23       -0.39       -0.39        0.17       -0.05       -0.31       -0.42       -0.38        0.17       -0.04       -0.29       -0.42       -0.40
2            1.26        1.26        0.88        0.37        0.05        1.20        1.21        0.89        0.39        0.07        1.11        1.06        0.74        0.30        0.02        1.03        1.01        0.72        0.31        0.05
3            0.23        0.48        0.90        1.28        1.33        0.22        0.48        0.89        1.35        1.48       -0.05        0.06        0.24        0.36        0.25       -0.01        0.11        0.29        0.39        0.30
4           -0.13        0.04        0.19        0.11       -0.08       -0.09        0.09        0.23        0.13       -0.06        0.19        0.45        0.64        0.50        0.25        0.18        0.47        0.68        0.58        0.35
5            1.11        1.59        2.16        2.78        3.02        0.94        1.34        1.84        2.56        2.81        0.72        0.98        1.19        1.39        1.31        0.63        0.85        1.05        1.25        1.22
6            0.40        0.59        0.78        0.89        0.76        0.37        0.59        0.78        0.88        0.78        0.80        1.19        1.74        2.30        2.50        0.65        0.99        1.52        2.19        2.46
7            3.11        3.23        3.08        2.44        1.88        3.72        3.92        3.61        2.51        1.89        3.22        3.51        3.41        2.92        2.50        4.33        4.61        4.22        3.21        2.53

=== summary per state ===
 state  occ_pct  overall   left  right     LI  centroid_L_Hz  centroid_R_Hz  x_minus_y
     0   35.651   -0.608 -0.616 -0.600 -0.014          5.574          5.242      0.003
     1   27.282   -0.174 -0.153 -0.196  0.123          2.180          2.221     -0.005
     2    7.788    0.697  0.759  0.634  0.089          2.269          2.316      0.017
     3    7.862    0.530  0.865  0.194  0.633          3.792          3.380     -0.042
     4   11.548    0.237  0.045  0.429 -0.810          3.015          3.061     -0.040
     5    3.513    1.537  2.016  1.059  0.311          3.740          3.377      0.176
     6    5.696    1.159  0.683  1.634 -0.410          3.310          3.796      0.073
     7    0.660    3.192  2.939  3.445 -0.079          2.629          2.742     -0.523

=== dwell time per state (ms), 25 sessions ===
   median_ms  mean_ms  n_bouts
0     1550.0   4651.4    10257
1      666.7    801.8    37614
2      283.3    360.0    26161
3      166.7    207.8    34639
4      200.0    236.3    44694
5      200.0    256.6    17373
6      200.0    248.5    27514
7      483.3   1079.9      967

=== transition probabilities (row -> col, self-transitions removed) ===
      0     1     2     3     4     5     6     7
0  0.00  0.90  0.00  0.03  0.07  0.00  0.00  0.00
1  0.25  0.00  0.15  0.09  0.52  0.00  0.00  0.00
2  0.00  0.18  0.00  0.26  0.12  0.15  0.28  0.01
3  0.01  0.11  0.18  0.00  0.36  0.19  0.15  0.00
4  0.02  0.45  0.07  0.28  0.00  0.00  0.18  0.00
5  0.00  0.00  0.20  0.38  0.00  0.00  0.39  0.03
6  0.00  0.00  0.27  0.17  0.32  0.23  0.00  0.01
7  0.00  0.00  0.26  0.00  0.00  0.48  0.25  0.00
